=== Resultados del análisis ===

Estadísticos básicos:
Mínimo: 1 
Máximo: 100 
Media: 50.906 
Mediana: 50 
Desviacion estandar: 28.81436 

Números originales:
4, 14, 61, 78, 13, 72, 99, 31, 37, 13, 85, 48, 26, 47, 2, 34, 85, 89, 93, 6, 64, 34, 77, 58, 29, 96, 47, 8, 19, 67, 86, 68, 44, 49, 69, 35, 94, 38, 3, 98, 71, 31, 29, 2, 74, 90, 87, 4, 80, 86, 68, 55, 23, 9, 97, 77, 27, 12, 26, 85, 94, 62, 91, 43, 57, 48, 35, 6, 56, 91, 3, 1, 29, 61, 3, 53, 23, 86, 66, 42, 8, 54, 68, 31, 47, 3, 80, 97, 12, 91, 37, 18, 78, 69, 70, 64, 10, 12, 74, 78, 2, 32, 73, 29, 65, 23, 48, 35, 63, 94, 59, 13, 68, 20, 27, 92, 68, 39, 39, 45, 38, 21, 21, 84, 69, 16, 98, 70, 84, 17, 11, 24, 2, 67, 89, 92, 99, 60, 19, 100, 79, 28, 56, 65, 8, 3, 14, 20, 78, 23, 75, 76, 14, 13, 97, 56, 12, 62, 71, 16, 8, 98, 59, 26, 24, 71, 31, 4, 53, 3, 46, 45, 60, 25, 70, 90, 73, 26, 13, 33, 64, 85, 61, 9, 79, 63, 21, 97, 18, 63, 91, 85, 40, 2, 30, 95, 55, 16, 18, 42, 84, 51, 29, 17, 75, 27, 37, 87, 73, 89, 70, 93, 51, 70, 28, 34, 77, 26, 25, 43, 44, 100, 14, 63, 31, 56, 50, 69, 31, 25, 54, 66, 50, 53, 62, 75, 42, 46, 42, 36, 42, 89, 76, 97, 45, 71, 62, 98, 82, 22, 99, 33, 88, 35, 25, 29, 41, 74, 70, 65, 35, 87, 12, 61, 1, 43, 94, 73, 95, 37, 86, 96, 43, 18, 7, 48, 31, 32, 5, 80, 15, 51, 74, 76, 71, 24, 89, 53, 78, 72, 91, 58, 83, 91, 31, 60, 12, 20, 50, 52, 9, 24, 70, 94, 51, 99, 22, 46, 41, 64, 91, 48, 33, 47, 35, 11, 78, 43, 58, 26, 65, 51, 94, 30, 13, 79, 94, 66, 58, 72, 31, 92, 65, 55, 8, 68, 54, 7, 38, 66, 62, 43, 33, 75, 12, 72, 67, 95, 23, 68, 33, 63, 79, 51, 55, 82, 49, 42, 67, 70, 37, 26, 37, 20, 93, 7, 9, 60, 78, 39, 27, 74, 70, 56, 86, 53, 38, 56, 42, 43, 97, 90, 68, 94, 42, 76, 14, 41, 43, 87, 68, 29, 93, 67, 54, 88, 55, 9, 94, 39, 3, 47, 85, 28, 26, 71, 35, 8, 91, 96, 92, 76, 84, 71, 49, 81, 76, 92, 54, 90, 15, 80, 3, 72, 5, 35, 2, 44, 3, 58, 42, 25, 63, 32, 56, 78, 37, 93, 2, 85, 77, 64, 2, 37, 11, 47, 64, 65, 44, 46, 97, 67, 77, 98, 47, 35, 4, 28, 39, 34, 74, 50, 78, 89, 58, 32, 40, 62, 7, 64, 42, 5, 33, 96, 84, 61, 21, 48, 75, 56, 20, 38, 86, 90, 81, 45, 69, 55, 4, 26, 57, 77, 68, 40, 9, 90, 4, 32, 37, 66, 52, 78, 9, 58, 70, 36, 67, 6, 85, 17, 50, 90, 24, 66, 54, 47, 7, 39, 87, 52, 36, 97, 65, 66, 11, 38, 5, 72, 49, 43, 59, 81, 70, 73, 24, 19, 38, 1, 4, 61, 87, 67, 55, 94, 50, 79, 59, 61, 88, 75, 8, 2, 93, 24, 47, 20, 63, 80, 7, 48, 9, 9, 70, 3, 96, 65, 29, 68, 95, 92, 8, 94, 49, 95, 47, 35, 10, 87, 27, 39, 42, 33, 35, 8, 1, 68, 10, 100, 69, 11, 37, 49, 79, 59, 27, 61, 41, 85, 27, 99, 83, 41, 32, 90, 69, 21, 77, 95, 57, 7, 56, 79, 61, 65, 19, 52, 38, 99, 58, 23, 76, 97, 40, 81, 4, 71, 81, 82, 17, 60, 25, 41, 35, 36, 78, 25, 46, 90, 51, 25, 5, 57, 17, 66, 94, 37, 10, 86, 84, 27, 75, 31, 30, 10, 76, 41, 72, 20, 89, 8, 97, 10, 10, 97, 4, 29, 22, 75, 64, 73, 94, 3, 83, 60, 18, 6, 61, 72, 90, 10, 44, 64, 60, 45, 8, 42, 20, 14, 79, 83, 44, 37, 39, 59, 40, 42, 21, 89, 38, 61, 1, 20, 37, 94, 28, 9, 29, 16, 17, 14, 94, 83, 6, 31, 94, 79, 92, 42, 78, 79, 88, 95, 8, 94, 87, 86, 35, 65, 87, 36, 65, 6, 57, 40, 45, 18, 96, 34, 47, 38, 17, 32, 78, 98, 27, 69, 2, 37, 29, 88, 69, 47, 80, 5, 13, 52, 16, 76, 1, 22, 21, 42, 81, 49, 42, 1, 60, 28, 69, 53, 39, 41, 76, 74, 58, 83, 1, 54, 57, 23, 24, 1, 2, 79, 55, 75, 93, 76, 85, 38, 38, 89, 29, 90, 93, 29, 64, 80, 76, 38, 58, 28, 95, 16, 30, 100, 82, 24, 74, 91, 71, 19, 8, 92, 22, 19, 91, 53, 53, 86, 10, 35, 33, 95, 93, 53, 13, 88, 3, 45, 48, 51, 44, 88, 44, 65, 90, 58, 47, 2, 65, 48, 37, 52, 65, 3, 57, 23, 65, 47, 49, 70, 97, 71, 88, 45, 77, 62, 76, 52, 1, 28, 1, 52, 82, 86, 72, 10, 14, 66, 30, 47, 68, 51, 73, 100, 92, 17, 95, 25, 84, 35, 96, 79, 16, 44, 98, 87, 13, 54, 44, 51, 54, 45, 46, 6, 35, 23, 31, 8, 99, 62, 28, 7, 30, 36, 80, 34, 10, 43, 99, 6, 4, 12, 26, 3, 89, 97, 28, 66, 81, 99, 41, 16, 70, 64, 39, 91, 36, 61, 99, 31, 41, 22, 29, 27, 34, 74, 4, 24, 29, 71, 94, 95, 11, 100, 95, 1, 93, 6, 46, 12, 65, 50, 38, 19, 93, 24, 64, 86, 97, 75, 24, 80, 26, 31, 56, 24, 72, 49, 22, 23, 37, 97, 59, 40, 24, 1, 46, 44, 47, 85, 46, 81, 81, 59, 5, 4, 47, 40, 34, 74, 67, 32, 6, 44, 30, 93, 39, 43 

Números al cuadrado:
16, 196, 3721, 6084, 169, 5184, 9801, 961, 1369, 169, 7225, 2304, 676, 2209, 4, 1156, 7225, 7921, 8649, 36, 4096, 1156, 5929, 3364, 841, 9216, 2209, 64, 361, 4489, 7396, 4624, 1936, 2401, 4761, 1225, 8836, 1444, 9, 9604, 5041, 961, 841, 4, 5476, 8100, 7569, 16, 6400, 7396, 4624, 3025, 529, 81, 9409, 5929, 729, 144, 676, 7225, 8836, 3844, 8281, 1849, 3249, 2304, 1225, 36, 3136, 8281, 9, 1, 841, 3721, 9, 2809, 529, 7396, 4356, 1764, 64, 2916, 4624, 961, 2209, 9, 6400, 9409, 144, 8281, 1369, 324, 6084, 4761, 4900, 4096, 100, 144, 5476, 6084, 4, 1024, 5329, 841, 4225, 529, 2304, 1225, 3969, 8836, 3481, 169, 4624, 400, 729, 8464, 4624, 1521, 1521, 2025, 1444, 441, 441, 7056, 4761, 256, 9604, 4900, 7056, 289, 121, 576, 4, 4489, 7921, 8464, 9801, 3600, 361, 10000, 6241, 784, 3136, 4225, 64, 9, 196, 400, 6084, 529, 5625, 5776, 196, 169, 9409, 3136, 144, 3844, 5041, 256, 64, 9604, 3481, 676, 576, 5041, 961, 16, 2809, 9, 2116, 2025, 3600, 625, 4900, 8100, 5329, 676, 169, 1089, 4096, 7225, 3721, 81, 6241, 3969, 441, 9409, 324, 3969, 8281, 7225, 1600, 4, 900, 9025, 3025, 256, 324, 1764, 7056, 2601, 841, 289, 5625, 729, 1369, 7569, 5329, 7921, 4900, 8649, 2601, 4900, 784, 1156, 5929, 676, 625, 1849, 1936, 10000, 196, 3969, 961, 3136, 2500, 4761, 961, 625, 2916, 4356, 2500, 2809, 3844, 5625, 1764, 2116, 1764, 1296, 1764, 7921, 5776, 9409, 2025, 5041, 3844, 9604, 6724, 484, 9801, 1089, 7744, 1225, 625, 841, 1681, 5476, 4900, 4225, 1225, 7569, 144, 3721, 1, 1849, 8836, 5329, 9025, 1369, 7396, 9216, 1849, 324, 49, 2304, 961, 1024, 25, 6400, 225, 2601, 5476, 5776, 5041, 576, 7921, 2809, 6084, 5184, 8281, 3364, 6889, 8281, 961, 3600, 144, 400, 2500, 2704, 81, 576, 4900, 8836, 2601, 9801, 484, 2116, 1681, 4096, 8281, 2304, 1089, 2209, 1225, 121, 6084, 1849, 3364, 676, 4225, 2601, 8836, 900, 169, 6241, 8836, 4356, 3364, 5184, 961, 8464, 4225, 3025, 64, 4624, 2916, 49, 1444, 4356, 3844, 1849, 1089, 5625, 144, 5184, 4489, 9025, 529, 4624, 1089, 3969, 6241, 2601, 3025, 6724, 2401, 1764, 4489, 4900, 1369, 676, 1369, 400, 8649, 49, 81, 3600, 6084, 1521, 729, 5476, 4900, 3136, 7396, 2809, 1444, 3136, 1764, 1849, 9409, 8100, 4624, 8836, 1764, 5776, 196, 1681, 1849, 7569, 4624, 841, 8649, 4489, 2916, 7744, 3025, 81, 8836, 1521, 9, 2209, 7225, 784, 676, 5041, 1225, 64, 8281, 9216, 8464, 5776, 7056, 5041, 2401, 6561, 5776, 8464, 2916, 8100, 225, 6400, 9, 5184, 25, 1225, 4, 1936, 9, 3364, 1764, 625, 3969, 1024, 3136, 6084, 1369, 8649, 4, 7225, 5929, 4096, 4, 1369, 121, 2209, 4096, 4225, 1936, 2116, 9409, 4489, 5929, 9604, 2209, 1225, 16, 784, 1521, 1156, 5476, 2500, 6084, 7921, 3364, 1024, 1600, 3844, 49, 4096, 1764, 25, 1089, 9216, 7056, 3721, 441, 2304, 5625, 3136, 400, 1444, 7396, 8100, 6561, 2025, 4761, 3025, 16, 676, 3249, 5929, 4624, 1600, 81, 8100, 16, 1024, 1369, 4356, 2704, 6084, 81, 3364, 4900, 1296, 4489, 36, 7225, 289, 2500, 8100, 576, 4356, 2916, 2209, 49, 1521, 7569, 2704, 1296, 9409, 4225, 4356, 121, 1444, 25, 5184, 2401, 1849, 3481, 6561, 4900, 5329, 576, 361, 1444, 1, 16, 3721, 7569, 4489, 3025, 8836, 2500, 6241, 3481, 3721, 7744, 5625, 64, 4, 8649, 576, 2209, 400, 3969, 6400, 49, 2304, 81, 81, 4900, 9, 9216, 4225, 841, 4624, 9025, 8464, 64, 8836, 2401, 9025, 2209, 1225, 100, 7569, 729, 1521, 1764, 1089, 1225, 64, 1, 4624, 100, 10000, 4761, 121, 1369, 2401, 6241, 3481, 729, 3721, 1681, 7225, 729, 9801, 6889, 1681, 1024, 8100, 4761, 441, 5929, 9025, 3249, 49, 3136, 6241, 3721, 4225, 361, 2704, 1444, 9801, 3364, 529, 5776, 9409, 1600, 6561, 16, 5041, 6561, 6724, 289, 3600, 625, 1681, 1225, 1296, 6084, 625, 2116, 8100, 2601, 625, 25, 3249, 289, 4356, 8836, 1369, 100, 7396, 7056, 729, 5625, 961, 900, 100, 5776, 1681, 5184, 400, 7921, 64, 9409, 100, 100, 9409, 16, 841, 484, 5625, 4096, 5329, 8836, 9, 6889, 3600, 324, 36, 3721, 5184, 8100, 100, 1936, 4096, 3600, 2025, 64, 1764, 400, 196, 6241, 6889, 1936, 1369, 1521, 3481, 1600, 1764, 441, 7921, 1444, 3721, 1, 400, 1369, 8836, 784, 81, 841, 256, 289, 196, 8836, 6889, 36, 961, 8836, 6241, 8464, 1764, 6084, 6241, 7744, 9025, 64, 8836, 7569, 7396, 1225, 4225, 7569, 1296, 4225, 36, 3249, 1600, 2025, 324, 9216, 1156, 2209, 1444, 289, 1024, 6084, 9604, 729, 4761, 4, 1369, 841, 7744, 4761, 2209, 6400, 25, 169, 2704, 256, 5776, 1, 484, 441, 1764, 6561, 2401, 1764, 1, 3600, 784, 4761, 2809, 1521, 1681, 5776, 5476, 3364, 6889, 1, 2916, 3249, 529, 576, 1, 4, 6241, 3025, 5625, 8649, 5776, 7225, 1444, 1444, 7921, 841, 8100, 8649, 841, 4096, 6400, 5776, 1444, 3364, 784, 9025, 256, 900, 10000, 6724, 576, 5476, 8281, 5041, 361, 64, 8464, 484, 361, 8281, 2809, 2809, 7396, 100, 1225, 1089, 9025, 8649, 2809, 169, 7744, 9, 2025, 2304, 2601, 1936, 7744, 1936, 4225, 8100, 3364, 2209, 4, 4225, 2304, 1369, 2704, 4225, 9, 3249, 529, 4225, 2209, 2401, 4900, 9409, 5041, 7744, 2025, 5929, 3844, 5776, 2704, 1, 784, 1, 2704, 6724, 7396, 5184, 100, 196, 4356, 900, 2209, 4624, 2601, 5329, 10000, 8464, 289, 9025, 625, 7056, 1225, 9216, 6241, 256, 1936, 9604, 7569, 169, 2916, 1936, 2601, 2916, 2025, 2116, 36, 1225, 529, 961, 64, 9801, 3844, 784, 49, 900, 1296, 6400, 1156, 100, 1849, 9801, 36, 16, 144, 676, 9, 7921, 9409, 784, 4356, 6561, 9801, 1681, 256, 4900, 4096, 1521, 8281, 1296, 3721, 9801, 961, 1681, 484, 841, 729, 1156, 5476, 16, 576, 841, 5041, 8836, 9025, 121, 10000, 9025, 1, 8649, 36, 2116, 144, 4225, 2500, 1444, 361, 8649, 576, 4096, 7396, 9409, 5625, 576, 6400, 676, 961, 3136, 576, 5184, 2401, 484, 529, 1369, 9409, 3481, 1600, 576, 1, 2116, 1936, 2209, 7225, 2116, 6561, 6561, 3481, 25, 16, 2209, 1600, 1156, 5476, 4489, 1024, 36, 1936, 900, 8649, 1521, 1849 
